# x1, x2, y
2.755193905195634585e+01 1.767258895487499260e+01 0.000000000000000000e+00
-1.808747364741644503e+01 3.113031786151828229e+01 0.000000000000000000e+00
-4.030493712943382434e+00 -3.390263795968771632e+01 0.000000000000000000e+00
-2.923757049257035945e+01 -1.362826898734927283e+01 0.000000000000000000e+00
-1.749861107838181340e+01 2.717715536548900346e+01 0.000000000000000000e+00
3.543972791202536143e+01 -8.702818066405821895e+00 0.000000000000000000e+00
-2.967176177219986855e+01 -7.440271106972435877e-01 0.000000000000000000e+00
-9.603577153965717983e+00 3.561256687982476166e+01 0.000000000000000000e+00
-2.795851070202916588e+01 -1.630217712932036989e+01 0.000000000000000000e+00
3.632141056319005656e+01 2.751289079540662375e+00 0.000000000000000000e+00
-3.367489238708174071e+01 -2.081145764178867807e+01 0.000000000000000000e+00
3.876405505608848046e+01 -8.607930077134286151e+00 0.000000000000000000e+00
3.148079722624529619e+00 -3.356864094298416035e+01 0.000000000000000000e+00
8.297859212527285422e+00 -3.543247169394130225e+01 0.000000000000000000e+00
-3.453018873196096195e+01 -1.817733541392079033e+01 0.000000000000000000e+00
1.142424297015122292e+01 -3.782256682536434056e+01 0.000000000000000000e+00
-1.246247623382837943e+01 3.657634847038010406e+01 0.000000000000000000e+00
1.649065870100514886e+01 -3.195430593911917683e+01 0.000000000000000000e+00
-2.515584172289970866e+01 -2.479216792728718488e+01 0.000000000000000000e+00
-1.644831532703299715e+01 3.071715019823584569e+01 0.000000000000000000e+00
2.868578238345883946e+01 8.871418357369744712e+00 0.000000000000000000e+00
-3.841528073592797909e+01 -3.870671011750959511e+00 0.000000000000000000e+00
-3.890047664826004592e+01 -7.852220171423982542e+00 0.000000000000000000e+00
1.288137617118752631e+00 -3.058878156724352593e+01 0.000000000000000000e+00
-2.593370797741561429e+00 3.057072075254088261e+01 0.000000000000000000e+00
7.426042301345403551e+00 3.641225174770976736e+01 0.000000000000000000e+00
-2.545775377570369713e+01 2.777859776296262950e+01 0.000000000000000000e+00
-3.486238099999291506e+01 -7.954578568939368211e+00 0.000000000000000000e+00
-1.915835283062068228e+01 3.446331293612809077e+01 0.000000000000000000e+00
2.360425039960074045e+01 3.066699159044820533e+01 0.000000000000000000e+00
1.408303087952080368e+01 3.290987746650399970e+01 0.000000000000000000e+00
3.186893928587783265e+01 -1.771460899566282521e+01 0.000000000000000000e+00
2.949853442220666722e+01 6.541162183026887789e+00 0.000000000000000000e+00
-2.221501942258434070e+01 -2.543833249472665159e+01 0.000000000000000000e+00
5.427495082675950933e+00 -2.968610111629665838e+01 0.000000000000000000e+00
-3.376711257842341496e+01 3.443983698288417994e+00 0.000000000000000000e+00
-3.831061447723237023e+01 -2.979230868160728463e+00 0.000000000000000000e+00
-2.743118360325790306e+01 -2.140637082756569853e+01 0.000000000000000000e+00
-9.828299094356076182e+00 3.243365466607694714e+01 0.000000000000000000e+00
-3.816254773068004624e+01 -5.693749214375907641e+00 0.000000000000000000e+00
9.266502144740751845e+00 -3.744725338371770818e+01 0.000000000000000000e+00
-3.391569488424531897e+01 6.961613679552005607e+00 0.000000000000000000e+00
9.919822363597875281e+00 -3.263413532292343433e+01 0.000000000000000000e+00
-1.677036327682560568e+01 2.946267347967205552e+01 0.000000000000000000e+00
-2.940574007188083527e+01 1.355288102236713144e+01 0.000000000000000000e+00
-3.632934947723752828e+01 -1.612838938064621530e+00 0.000000000000000000e+00
3.472622356782124342e+01 -1.292780834473429863e+01 0.000000000000000000e+00
2.068229331054109466e+01 -2.824835992451514599e+01 0.000000000000000000e+00
-1.041510545103124485e+01 -3.060148721540442551e+01 0.000000000000000000e+00
9.153853245320242138e+00 -3.811793402500592975e+01 0.000000000000000000e+00
3.083595751710101851e+01 -5.646520241796281425e+00 0.000000000000000000e+00
2.758377695886795777e+01 2.009856876874090403e+01 0.000000000000000000e+00
1.559549399639041134e+01 -3.218080560135618384e+01 0.000000000000000000e+00
-1.319309282917742721e+01 -2.852264371043682800e+01 0.000000000000000000e+00
-3.226581945305221666e+01 -1.256432456525683072e+01 0.000000000000000000e+00
-2.403404979941747399e+01 2.690919844342787570e+01 0.000000000000000000e+00
1.982870346331299061e+01 -2.550022736281784930e+01 0.000000000000000000e+00
2.204540756861163331e+01 3.011546726882186320e+01 0.000000000000000000e+00
2.309947721868625958e+00 -3.609280425166583228e+01 0.000000000000000000e+00
3.729217676862442943e+01 7.993073067573626567e+00 0.000000000000000000e+00
2.259385995270278968e+01 -2.753065414053890692e+01 0.000000000000000000e+00
-2.637695131666842130e+01 -2.264236865882725880e+01 0.000000000000000000e+00
1.271842901039546980e+01 -2.757933897501661136e+01 0.000000000000000000e+00
-1.137669570074851855e+01 3.464227990150077829e+01 0.000000000000000000e+00
-3.682443814583843533e+01 -9.053008564657162083e+00 0.000000000000000000e+00
2.290669840060978402e+01 -3.037186898441075655e+01 0.000000000000000000e+00
8.257791676393212654e+00 3.260946157469249584e+01 0.000000000000000000e+00
2.148429602577469311e+01 -2.498471137738765790e+01 0.000000000000000000e+00
2.225549786219895054e+01 2.859331307460698213e+01 0.000000000000000000e+00
8.896769386513684097e+00 -3.027053143499554011e+01 0.000000000000000000e+00
1.855705002297835904e+01 -2.467205577772666203e+01 0.000000000000000000e+00
-5.905337228326669852e+00 -3.410412493051035909e+01 0.000000000000000000e+00
2.874804401874433424e+01 -1.104328354760747466e+01 0.000000000000000000e+00
-2.266392890428923579e+01 -2.034988625210817403e+01 0.000000000000000000e+00
6.406816377786176631e+00 2.897257757165961323e+01 0.000000000000000000e+00
2.929156840236458237e+01 1.917370413153296482e+01 0.000000000000000000e+00
-3.251358336855114572e+01 1.336037774381934495e+00 0.000000000000000000e+00
-1.078805559223925314e+01 2.944446693863416797e+01 0.000000000000000000e+00
-1.338551870041462699e+01 -3.111663105471605562e+01 0.000000000000000000e+00
-1.451232328452857878e+01 -2.713989114972490313e+01 0.000000000000000000e+00
-1.842495005330000879e+01 -3.225734363915371716e+01 0.000000000000000000e+00
-3.206780563280058516e+01 1.233858692803957879e+01 0.000000000000000000e+00
-9.169358031105256046e+00 -3.851641019924598197e+01 0.000000000000000000e+00
-8.167813109602160893e+00 2.939907794239585925e+01 0.000000000000000000e+00
-1.136200323721877226e+01 2.751828022692615860e+01 0.000000000000000000e+00
-3.447553029404014069e+01 1.198027809528250209e+01 0.000000000000000000e+00
3.868763188280377818e+01 -2.838962556390120184e+00 0.000000000000000000e+00
3.702544727703755001e+01 -7.011679213468345884e-01 0.000000000000000000e+00
-3.568520416083789115e+01 -7.098336183775937336e-01 0.000000000000000000e+00
1.643843549474519250e+01 3.576767872479599930e+01 0.000000000000000000e+00
2.411353660392970966e+01 2.886789782029525142e+01 0.000000000000000000e+00
-6.869998820657360339e-01 3.128294075704540234e+01 0.000000000000000000e+00
1.800513583225471725e+00 -3.404058390314612836e+01 0.000000000000000000e+00
1.104729396620904325e+01 3.386319164927659386e+01 0.000000000000000000e+00
-2.610112329752230309e+01 -2.983817920269851243e+01 0.000000000000000000e+00
3.420659159502815783e+01 1.705561387482342539e+01 0.000000000000000000e+00
-1.636855426047990392e+00 -3.627223935629736928e+01 0.000000000000000000e+00
2.666609846242200632e+01 -2.592634872314052430e+01 0.000000000000000000e+00
1.957007166721852442e+01 -2.589474620923610715e+01 0.000000000000000000e+00
2.734595283648438269e+01 1.941928211298393592e+01 0.000000000000000000e+00
5.088375911110230732e+01 -1.350913088685822672e+01 1.000000000000000000e+00
4.504330745358889665e+00 5.027716575405319333e+01 1.000000000000000000e+00
1.982797244278163562e-01 -5.497042143240646794e+01 1.000000000000000000e+00
-5.594846829784879105e+01 -3.271236341085676180e+00 1.000000000000000000e+00
-5.763743260282002723e+01 6.856664821759454576e+00 1.000000000000000000e+00
-5.579356283929968185e+01 -1.948402880688165340e+01 1.000000000000000000e+00
-2.856700985763083622e+01 -3.874255778974794850e+01 1.000000000000000000e+00
1.475558610169136209e+01 -5.123020779981635542e+01 1.000000000000000000e+00
-4.377791545566127240e+01 3.364378780786621093e+01 1.000000000000000000e+00
4.648445152909940958e+01 1.134147165345718733e+01 1.000000000000000000e+00
4.949802132094452389e+01 6.713992553658147955e-01 1.000000000000000000e+00
2.054407688953162037e+01 -4.506641177417795774e+01 1.000000000000000000e+00
-5.749548205405555024e+01 1.037314156860290204e+01 1.000000000000000000e+00
-2.486329533629370658e+01 -4.194957780262100044e+01 1.000000000000000000e+00
4.928874893035328597e+01 1.956877989356522463e+01 1.000000000000000000e+00
3.706331734422012403e+01 -3.940139211094526672e+01 1.000000000000000000e+00
-2.218976588014133000e+01 -5.084272936897849604e+01 1.000000000000000000e+00
-1.914845123933922366e+00 -5.958883567394812530e+01 1.000000000000000000e+00
3.679563412644605513e+00 -5.722694224589073997e+01 1.000000000000000000e+00
1.169272419781962391e+01 -5.588521984485909400e+01 1.000000000000000000e+00
-3.511741377796771957e+01 4.383354953299143375e+01 1.000000000000000000e+00
-4.883051783884174313e+01 1.007684717580462674e+01 1.000000000000000000e+00
-5.114234117343547581e+01 2.101538359984689919e+01 1.000000000000000000e+00
-2.383635797554646629e+01 -4.925120323130330746e+01 1.000000000000000000e+00
-2.642378888859828123e+01 -4.300570484429281493e+01 1.000000000000000000e+00
-4.908706561674539159e+01 -1.774636436611801571e+01 1.000000000000000000e+00
-6.168279729081385554e+00 -4.830667406584469603e+01 1.000000000000000000e+00
6.909575700006928223e+00 -5.110227676528695895e+01 1.000000000000000000e+00
3.507352831271283122e+01 -3.550089932560626238e+01 1.000000000000000000e+00
-5.418926332555957970e+01 1.068801061474559866e+01 1.000000000000000000e+00
-4.554449360481055464e+01 -2.254547071351400689e+01 1.000000000000000000e+00
-3.770404791890027951e+01 3.000854343166023952e+01 1.000000000000000000e+00
-4.717528511438172956e+01 -3.573336684103642824e+01 1.000000000000000000e+00
-4.034272009543934701e+01 -4.044605654936620454e+01 1.000000000000000000e+00
4.515710859714923942e+01 2.466427493393893400e+01 1.000000000000000000e+00
4.932017496720305871e+01 -1.961622884485501928e+01 1.000000000000000000e+00
5.675081950459459179e+00 -5.237180688780526339e+01 1.000000000000000000e+00
-4.139178435522863708e+01 -4.281672576377429351e+01 1.000000000000000000e+00
-5.273138643668523429e+01 7.981673003257226284e+00 1.000000000000000000e+00
5.233913421973669955e+01 2.514021687072448330e+00 1.000000000000000000e+00
4.396664441419059699e+01 3.247491965072523357e+01 1.000000000000000000e+00
3.437884012032326808e+01 -4.427193330894721868e+01 1.000000000000000000e+00
-5.652652702346536273e+01 2.372030814671010290e+00 1.000000000000000000e+00
-4.724928745109455974e+01 2.468233984614857590e+01 1.000000000000000000e+00
-3.070777914811213805e+01 4.906114149697133797e+01 1.000000000000000000e+00
-4.270846006860304911e-01 -5.965729764362014720e+01 1.000000000000000000e+00
-5.232534107897066633e+01 6.732845411409165148e-01 1.000000000000000000e+00
3.644734403521514565e+01 3.922363470197652191e+01 1.000000000000000000e+00
4.977420596474536296e+01 -3.283901573296111565e+01 1.000000000000000000e+00
-3.340461782824726100e+01 4.605484237919824864e+01 1.000000000000000000e+00
-1.975912343856693099e+01 -5.606018560377456339e+01 1.000000000000000000e+00
3.719805285069237755e+01 -4.441645453092894513e+01 1.000000000000000000e+00
9.307832497992922782e+00 -4.878448660324844610e+01 1.000000000000000000e+00
5.055337902320092525e+01 2.614451376854252374e+01 1.000000000000000000e+00
-4.176945558728432673e+01 -4.001111362068424171e+01 1.000000000000000000e+00
2.931342888674319624e+01 -4.180216333220146652e+01 1.000000000000000000e+00
-4.411917458084734278e+01 1.907247290243551774e+01 1.000000000000000000e+00
5.104107017412393787e+01 5.694493081224448083e+00 1.000000000000000000e+00
2.627278976736067762e+01 -5.146048489796984882e+01 1.000000000000000000e+00
-1.102479466596890489e+01 -5.495148574286463372e+01 1.000000000000000000e+00
-2.012688830888320268e+01 5.495542702780097954e+01 1.000000000000000000e+00
-5.410536722565883139e+01 -2.309389197950734740e+01 1.000000000000000000e+00
-4.039296136014054639e+01 -2.783689977929814319e+01 1.000000000000000000e+00
-2.491706971310004093e+01 5.364595289649701471e+01 1.000000000000000000e+00
5.268903061563293022e+01 2.360850785701536125e+01 1.000000000000000000e+00
-5.526984201158248311e+01 -1.365457842999114924e+01 1.000000000000000000e+00
3.046335518273328802e+01 -4.137459576932266714e+01 1.000000000000000000e+00
5.373278665214694172e+01 2.342788935417129892e+01 1.000000000000000000e+00
-5.572175343749936616e+01 2.002495588690853978e+01 1.000000000000000000e+00
4.585011691412451285e+01 -1.275414125585760772e+01 1.000000000000000000e+00
2.534150539106573419e+01 4.004890736392994910e+01 1.000000000000000000e+00
2.979013066267448195e+01 4.373103308230460584e+01 1.000000000000000000e+00
2.918310700993678708e+01 5.222837833465447233e+01 1.000000000000000000e+00
3.788528962531634647e+01 -4.008570372296210138e+01 1.000000000000000000e+00
4.969232349414531313e+01 2.508904911865899123e+01 1.000000000000000000e+00
-4.207861364435597551e+01 3.979820073078016662e+01 1.000000000000000000e+00
1.934614229469817204e+01 -4.738258341029244747e+01 1.000000000000000000e+00
4.986253655252556172e+01 -2.975241430024709999e+01 1.000000000000000000e+00
-3.075173115522947498e+01 -3.971770140246633929e+01 1.000000000000000000e+00
1.895383995651559061e+01 -4.830115117554530002e+01 1.000000000000000000e+00
-1.946127540721004578e+01 4.428253500446570001e+01 1.000000000000000000e+00
2.829821034769315791e+00 -5.267444620706258007e+01 1.000000000000000000e+00
3.666769367437095362e+00 4.884372684637246209e+01 1.000000000000000000e+00
1.545330885894033557e+01 5.755055567053800303e+01 1.000000000000000000e+00
4.326229011218685372e+01 3.203514770920757115e+01 1.000000000000000000e+00
-3.503695473997030074e+00 -5.310347285904012438e+01 1.000000000000000000e+00
-1.821605744571278862e+01 4.634591668975297551e+01 1.000000000000000000e+00
-2.346469143345253983e+01 -4.807438980674805862e+01 1.000000000000000000e+00
2.863769941727820623e+01 -4.800142024708596722e+01 1.000000000000000000e+00
5.603387593815239143e+01 -2.029102769655170846e+01 1.000000000000000000e+00
4.733755271207107285e+01 -1.705258699666550370e+01 1.000000000000000000e+00
-3.452453400764929459e+00 5.043072387083933705e+01 1.000000000000000000e+00
6.796147560341552207e+00 5.727096195602732109e+01 1.000000000000000000e+00
5.103445560549518945e+01 -2.430162659176770390e+01 1.000000000000000000e+00
-4.821078540571321724e+01 -2.173944030524318904e+01 1.000000000000000000e+00
1.336183006720283117e+01 -5.208253849563170945e+01 1.000000000000000000e+00
5.216263818632190663e+01 2.548457900634485540e+01 1.000000000000000000e+00
1.478351265449712848e+01 -4.989182291052768647e+01 1.000000000000000000e+00
-4.890324766938933010e+01 5.530052303472708708e+00 1.000000000000000000e+00
4.579185921703299300e+01 -3.627314479329344010e+01 1.000000000000000000e+00
5.427502784626508259e+01 -6.106919526270888809e+01 2.000000000000000000e+00
6.628122127590795287e+01 4.037598646671099800e+01 2.000000000000000000e+00
-7.312537627566580056e+01 2.193116155671642886e+01 2.000000000000000000e+00
-3.095155706349335389e+01 6.613029472296449285e+01 2.000000000000000000e+00
-7.655919517694148624e+01 2.309636836503998936e+01 2.000000000000000000e+00
-1.571524262803532679e+01 7.624078726487960012e+01 2.000000000000000000e+00
7.665472942083745522e+01 -1.422766131896271169e+01 2.000000000000000000e+00
-3.151958986056436274e+01 -6.608575313748359292e+01 2.000000000000000000e+00
-7.217458300700094753e+01 4.389748073533525030e+00 2.000000000000000000e+00
-3.293382397049999355e+01 -7.664854774721463571e+01 2.000000000000000000e+00
7.634842336144967589e+01 -9.163289480959234012e+00 2.000000000000000000e+00
1.503873389604522792e+01 -7.503823051878161721e+01 2.000000000000000000e+00
7.264801320169837595e+01 1.461684443837765457e+01 2.000000000000000000e+00
-1.980261206129574347e+01 -7.827508566314105565e+01 2.000000000000000000e+00
-6.671958186222732934e+01 3.760158706845259502e+01 2.000000000000000000e+00
3.400535532853414367e+01 -7.001025321795364675e+01 2.000000000000000000e+00
6.467864454863756407e+01 3.401872096738949125e+01 2.000000000000000000e+00
8.367489811612279027e+01 -1.624747795643276049e+01 2.000000000000000000e+00
4.535360371033586802e+01 5.515149143951371968e+01 2.000000000000000000e+00
-5.580599546211296058e+00 8.333399605398837195e+01 2.000000000000000000e+00
2.138626452160043812e+01 -6.881287417072890378e+01 2.000000000000000000e+00
3.812495104193931894e+01 6.370115834839390345e+01 2.000000000000000000e+00
-8.209862239983175414e+01 -1.616381525204783998e+01 2.000000000000000000e+00
1.839947163221944493e+01 7.112408603210407421e+01 2.000000000000000000e+00
-6.326545053432256793e+01 -5.372938998758717588e+01 2.000000000000000000e+00
-7.165396048983680544e+01 -3.947071080731885928e+01 2.000000000000000000e+00
-6.617421672595394000e+01 -5.358109176980597255e+01 2.000000000000000000e+00
-7.432501102553985106e+01 -2.811191322798788761e+01 2.000000000000000000e+00
-5.388084952988012333e+01 -4.565164347297866243e+01 2.000000000000000000e+00
-6.463156371217037588e+01 -3.214613337368506052e+01 2.000000000000000000e+00
-1.910603282335307540e+01 -7.212728051488913650e+01 2.000000000000000000e+00
-2.698827689671623276e+01 6.547271133142483279e+01 2.000000000000000000e+00
7.481277780740310135e+00 7.359292502931720037e+01 2.000000000000000000e+00
-7.351671754660218028e+01 -3.350539703238847089e+00 2.000000000000000000e+00
7.463499328765729501e+01 3.718516579652457921e+01 2.000000000000000000e+00
-2.069148509418984005e+01 -7.532280597749613094e+01 2.000000000000000000e+00
-6.804921346981859642e+01 -4.304409097433014608e+01 2.000000000000000000e+00
5.953280511228727079e+01 -3.806159689763881460e+01 2.000000000000000000e+00
8.469980634277641229e+01 -5.831588011725012066e+00 2.000000000000000000e+00
7.648443533016791207e+01 -3.212999351236605605e+01 2.000000000000000000e+00
3.830969938923306728e+01 -6.657729015621789870e+01 2.000000000000000000e+00
5.205097795546716100e+01 -4.953961277956231157e+01 2.000000000000000000e+00
5.860414951049917676e+01 -4.040798650070730957e+01 2.000000000000000000e+00
4.413355687002534999e+00 8.340442247575049350e+01 2.000000000000000000e+00
-1.722520797468052933e+01 -7.432489159602339157e+01 2.000000000000000000e+00
6.797865225329721284e+01 4.096817414929659407e+01 2.000000000000000000e+00
4.296110096758161490e+01 5.887224487363310743e+01 2.000000000000000000e+00
7.282830192225904398e+01 3.372071470049603903e+01 2.000000000000000000e+00
-5.023907506514905918e+00 7.537076929418878990e+01 2.000000000000000000e+00
8.192372654536482912e+01 1.676019119511093391e+00 2.000000000000000000e+00
7.198254630490217210e+01 1.355267593728956399e+01 2.000000000000000000e+00
-1.087656366103291816e+01 8.346517641078067129e+01 2.000000000000000000e+00
-1.092515660760946794e+01 6.979821249546279205e+01 2.000000000000000000e+00
-4.509067056749582747e+01 -6.592318972862346982e+01 2.000000000000000000e+00
1.135622591570572659e+00 -7.720433470414879196e+01 2.000000000000000000e+00
-7.682256759565527204e+01 -2.281614683098377938e+01 2.000000000000000000e+00
-4.943675414567810833e+01 -6.608212704864433817e+01 2.000000000000000000e+00
-3.332329158197592989e+01 -7.550542307859176105e+01 2.000000000000000000e+00
6.381848259263701806e+01 3.969190895741065361e+01 2.000000000000000000e+00
-6.036818149553675283e+01 -5.100187266672623565e+01 2.000000000000000000e+00
-1.649148050978142876e+01 7.027091465445408858e+01 2.000000000000000000e+00
3.315965308551059820e+01 -6.951224220581769941e+01 2.000000000000000000e+00
-5.894812071106077411e+00 7.583634500597263184e+01 2.000000000000000000e+00
-5.678870852037236716e+01 6.246918433438818141e+01 2.000000000000000000e+00
-2.058814155557722736e-01 8.403032680192400505e+01 2.000000000000000000e+00
7.927543833718658561e+01 1.543025932207102890e+01 2.000000000000000000e+00
1.205510348833824885e+01 7.084707656715301027e+01 2.000000000000000000e+00
5.811566004450656919e+01 -5.834920416048549896e+01 2.000000000000000000e+00
7.305028361114263191e+01 2.025050196658253654e+01 2.000000000000000000e+00
5.361104892368247476e+01 -6.015259023445797482e+01 2.000000000000000000e+00
-1.050746362360784403e+01 -8.041249081860645731e+01 2.000000000000000000e+00
-1.443161430979613868e+01 -7.098881568791030361e+01 2.000000000000000000e+00
2.645467893388639524e+01 7.036984520407960986e+01 2.000000000000000000e+00
4.906179822984964289e+01 6.848765144932826843e+01 2.000000000000000000e+00
-7.771285869372911748e+01 6.243073211015015112e+00 2.000000000000000000e+00
-2.389478178111625795e+01 -7.018797153655555121e+01 2.000000000000000000e+00
-5.860075967009736786e+01 -5.247706914264548317e+01 2.000000000000000000e+00
-5.008572482643036494e+01 -6.010495649420001030e+01 2.000000000000000000e+00
2.456886512197529626e+01 8.051918380462048219e+01 2.000000000000000000e+00
8.393135272238815503e+01 -3.895829646011153891e+00 2.000000000000000000e+00
6.512117657538020410e+01 5.010012033526439978e+01 2.000000000000000000e+00
-3.068684122082474985e+01 6.321953033424406243e+01 2.000000000000000000e+00
4.603930377868838519e+01 6.646767454755695326e+01 2.000000000000000000e+00
8.045987562006843064e+01 -1.338204318631821321e+00 2.000000000000000000e+00
-3.424548788154957890e+01 6.943563478603057604e+01 2.000000000000000000e+00
8.218867512936492403e+01 2.756238958810676376e+00 2.000000000000000000e+00
5.262689171661625664e+01 5.637771774615637099e+01 2.000000000000000000e+00
-7.551864665619731909e+01 6.582706533259677251e+00 2.000000000000000000e+00
-5.039229890042395965e+01 5.295938785872748156e+01 2.000000000000000000e+00
-4.620442781384551267e+01 -5.701135814185587947e+01 2.000000000000000000e+00
-2.357348883155303199e+01 7.263852413580153211e+01 2.000000000000000000e+00
3.909314182413184824e+01 7.532097198602947685e+01 2.000000000000000000e+00
7.203856496590307756e+01 6.619586150155580384e+00 2.000000000000000000e+00
-6.951763625978243510e+01 -2.511201553568664124e+01 2.000000000000000000e+00
3.220133131884640676e+01 6.695104750179429232e+01 2.000000000000000000e+00
-7.636198590077673032e+01 7.623369145315088247e+00 2.000000000000000000e+00
8.182530781812128851e+01 5.480401139655741716e+00 2.000000000000000000e+00
-4.723317248388644884e+01 -5.847165554412508470e+01 2.000000000000000000e+00
2.002649918332709333e+01 -7.866558233526993149e+01 2.000000000000000000e+00
-5.284992350819347706e+00 -7.235358696965454328e+01 2.000000000000000000e+00
